82
3
4
70
51
52
96
40
72
60
10
61
27
63
24
59
63
11
83
3
34
19
41
36
31
68
46
15
37
33
63
33
60
65
67
25
75
49
13
36
51
18
36
26
78
57
62
9
66
93
88
13
42
91
26
26
16
53
57
28
31
33
88
1
80
90
69
69
10
76
56
1
64
55
74
5
29
5
68
51
1
60
11
67
42
46
27
16
77
83
19
29
47
5
70
79
11
50
76
82
88
2
95
11
59
11
84
92
81
84
93
12
64
92
83
41
70
35
48
56
37
58
8
57
43
58
53
20
78
36
86
43
60
66
79
88
39
41
62
78
42
40
70
61
15
90
71
12
78
85
83
44
82
98
40
49
79
77
61
17
71
61
34
23
75
84
43
4
68
32
40
43
32
92
19
22
68
82
76
50
22
98
13
22
58
47
59
41
33
17
7
13
36
62
87
93
97
42
7
74
71
86
78
73
76
30
42
59
2
13
34
26
72
45
93
82
66
68
48
61
85
2
83
98
78
94
48
23
1
94
74
63
31
27
77
47
16
19
25
83
49
50
14
6
6
68
74
60
70
48
23
38
29
33
72
10
62
40
53
74
66
72
33
81
90
4
70
40
94
90
40
58
8
84
19
49
8
82
84
41
90
94
33
95
64
78
36
31
14
98
75
9
85
75
54
89
50
84
26
24
70
52
44
88
30
29
89
20
75
73
38
56
12
39
63
56
5
82
22
91
16
93
20
85
58
77
97
88
73
62
43
71
9
82
78
30
29
17
96
72
12
3
36
83
73
34
32
36
66
58
65
68
13
70
24
58
95
21
1
31
80
48
59
46
84
32
66
81
80
6
50
61
36
98
60
47
76
50
93
53
82
91
81
86
7
94
65
80
18
26
92
15
49
76
45
14
80
22
17
90
15
69
88
35
70
63
78
20
79
86
36
18
90
41
72
18
60
56
52
98
53
77
81
86
22
6
5
34
94
45
25
53
24
13
89
41
47
72
42
19
3
59
80
38
40
36
22
78
94
65
26
60
39
36
61
36
95
13
78
63
25
67
66
9
58
54
62
24
10
71
89
11
23
9
82
22
86
77
3
33
89
55
65
8
24
36
12
5
30
1
39
58
87
28
5
47
30
37
53
26
12
79
40
8
80
95
35
71
1
41
67
93
86
79
82
78
63
79
95
77
40
89
94
67
2
36
87
2
9
27
40
82
14
83
99
69
70
3
61
83
55
70
56
19
84
15
23
11
27
43
60
86
6
23
87
39
1
72
44
55
23
13
37
29
87
49
58
2
50
37
22
58
39
82
91
15
43
59
69
37
87
74
37
11
61
70
95
20
24
89
91
37
62
2
90
98
13
8
88
57
36
24
12
86
46
67
81
33
80
32
34
86
32
92
43
78
3
16
29
49
22
13
28
21
73
25
84
17
80
65
51
36
5
13
55
58
81
84
17
71
74
75
66
86
53
89
77
61
85
71
33
67
54
40
38
32
64
36
34
11
87
98
86
85
87
74
20
62
58
69
74
77
61
53
53
61
56
29
28
81
25
68
86
8
88
39
90
38
3
9
91
3
46
58
23
98
80
1
99
80
1
26
16
43
38
51
9
31
53
45
60
4
92
60
7
6
4
52
38
55
13
40
42
12
71
64
71
15
39
8
27
95
42
29
86
10
60
77
88
14
68
46
30
43
24
23
40
87
87
90
19
48
82
49
4
52
89
12
29
24
72
32
67
83
24
29
14
61
43
60
78
22
33
11
75
60
10
53
69
81
36
38
54
26
55
74
32
38
41
62
73
58
55
30
22
19
97
45
14
35
62
51
98
68
88
89
18
63
3
70
12
9
56
52
49
44
34
80
15
78
69
55
72
1
18
82
23
73
24
70
82
7
50
24
7
62
85
4
65
7
16
16
21
89
63
61
94
9
85
50
76
80
31
97
73
76
52
92
42
16
74
68
5
8
1
73
91
5
84
51
9
91
16
52
81
41
82
64
66
69
31
88
72
47
89
72
9
63
9
82
81
11
27
76
47
9
67
15
78
2
53
95
23
67
36
64
15
76
47
34
21
24
52
25
94
79
21
29
98
81
95
99
78
21
71
1
59
33
61
88
24
49
73
77
68
26
65
58
74
6
3
15
6
16
92
8
69
73
7
93
43
99
83
12
5
4
7
23
77
47
54
55
24
44
31
6
90
13
50
64
51
37
1
21
46
37
52
10
57
24
43
62
29
34
1
6
67
17
40
91
23
67
76
96
4
78
24
62
16
17